0 -0.999868 -1.00174 -1.49028 0.35 1.95569 -0.00197863 0.35
1 -0.99972 -1.00347 -1.48057 0.35 1.95086 -0.00154621 0.35
2 -0.999554 -1.00521 -1.47087 0.35 1.94606 -0.00111459 0.35
3 -0.999372 -1.00694 -1.46118 0.35 1.94127 -0.000683775 0.35
4 -0.999172 -1.00868 -1.4515 0.35 1.93651 -0.000253762 0.35
5 -0.998955 -1.01042 -1.44184 0.35 1.93176 0.000175451 0.35
6 -0.998721 -1.01216 -1.43219 0.35 1.92704 0.000603867 0.35
7 -0.99847 -1.01389 -1.42255 0.35 1.92234 0.00103149 0.35
8 -0.998203 -1.01563 -1.41292 0.35 1.91765 0.00145831 0.35
9 -0.997918 -1.01737 -1.4033 0.35 1.91299 0.00188434 0.35
10 -0.997616 -1.0191 -1.3937 0.35 1.90835 0.00230958 0.35
11 -0.997297 -1.02084 -1.38411 0.35 1.90373 0.00273403 0.35
12 -0.99696 -1.02257 -1.37452 0.35 1.89912 0.0031577 0.35
13 -0.996607 -1.0243 -1.36495 0.35 1.89454 0.00358058 0.35
14 -0.996237 -1.02603 -1.3554 0.35 1.88997 0.00400267 0.35
15 -0.99585 -1.02776 -1.34585 0.35 1.88543 0.00442399 0.35
16 -0.995446 -1.02949 -1.33632 0.35 1.8809 0.00484453 0.35
17 -0.995025 -1.03122 -1.32679 0.35 1.87639 0.00526429 0.35
18 -0.994588 -1.03294 -1.31728 0.35 1.87191 0.00568328 0.35
19 -0.994133 -1.03466 -1.30778 0.35 1.86744 0.0061015 0.35
20 -0.993661 -1.03638 -1.29829 0.35 1.86299 0.00651896 0.35
21 -0.993173 -1.0381 -1.28882 0.35 1.85855 0.00693565 0.35
22 -0.992667 -1.03981 -1.27935 0.35 1.85414 0.00735158 0.35
23 -0.992145 -1.04152 -1.2699 0.35 1.84974 0.00776675 0.35
24 -0.991606 -1.04323 -1.26045 0.35 1.84537 0.00818117 0.35
25 -0.991051 -1.04493 -1.25102 0.35 1.84101 0.00859484 0.35
26 -0.990479 -1.04664 -1.2416 0.35 1.83667 0.00900776 0.35
27 -0.98989 -1.04833 -1.23219 0.35 1.83234 0.00941993 0.35
28 -0.989284 -1.05003 -1.2228 0.35 1.82804 0.00983137 0.35
29 -0.988662 -1.05172 -1.21341 0.35 1.82375 0.0102421 0.35
30 -0.988023 -1.0534 -1.20404 0.35 1.81948 0.010652 0.35
31 -0.987368 -1.05509 -1.19468 0.35 1.81522 0.0110613 0.35
32 -0.986696 -1.05676 -1.18532 0.35 1.81099 0.0114698 0.35
33 -0.986008 -1.05844 -1.17598 0.35 1.80677 0.0118776 0.35
34 -0.985303 -1.06011 -1.16665 0.35 1.80256 0.0122847 0.35
35 -0.984583 -1.06177 -1.15734 0.35 1.79838 0.012691 0.35
36 -0.983845 -1.06343 -1.14803 0.35 1.79421 0.0130967 0.35
37 -0.983092 -1.06508 -1.13873 0.35 1.79005 0.0135017 0.35
38 -0.982322 -1.06673 -1.12945 0.35 1.78592 0.0139059 0.35
39 -0.981537 -1.06838 -1.12018 0.35 1.7818 0.0143095 0.35
40 -0.980735 -1.07001 -1.11091 0.35 1.77769 0.0147124 0.35
41 -0.979917 -1.07165 -1.10166 0.35 1.7736 0.0151146 0.35
42 -0.979083 -1.07327 -1.09242 0.35 1.76953 0.0155161 0.35
43 -0.978234 -1.07489 -1.08319 0.35 1.76547 0.0159169 0.35
44 -0.977368 -1.07651 -1.07398 0.35 1.76143 0.0163171 0.35
45 -0.976487 -1.07811 -1.06477 0.35 1.75741 0.0167166 0.35
46 -0.97559 -1.07972 -1.05557 0.35 1.7534 0.0171155 0.35
47 -0.974677 -1.08131 -1.04639 0.35 1.7494 0.0175137 0.35
48 -0.973749 -1.0829 -1.03722 0.35 1.74542 0.0179113 0.35
49 -0.972805 -1.08448 -1.02805 0.35 1.74146 0.0183082 0.35
50 -0.971845 -1.08605 -1.0189 0.35 1.73751 0.0187045 0.35
51 -0.97087 -1.08762 -1.00976 0.35 1.73357 0.0191002 0.35
52 -0.96988 -1.08918 -1.00063 0.35 1.72965 0.0194952 0.35
53 -0.968875 -1.09073 -0.991511 0.35 1.72574 0.0198897 0.35
54 -0.967854 -1.09228 -0.982403 0.35 1.72185 0.0202835 0.35
55 -0.966819 -1.09382 -0.973306 0.35 1.71797 0.0206767 0.35
56 -0.965768 -1.09534 -0.964219 0.35 1.71411 0.0210694 0.35
57 -0.964702 -1.09687 -0.955144 0.35 1.71026 0.0214614 0.35
58 -0.963622 -1.09838 -0.946079 0.35 1.70642 0.0218529 0.35
59 -0.962526 -1.09988 -0.937025 0.35 1.7026 0.0222438 0.35
60 -0.961416 -1.10138 -0.927982 0.35 1.69879 0.0226341 0.35
61 -0.960291 -1.10287 -0.918949 0.35 1.695 0.0230239 0.35
62 -0.959152 -1.10435 -0.909927 0.35 1.69121 0.0234131 0.35
63 -0.957998 -1.10582 -0.900916 0.35 1.68745 0.0238017 0.35
64 -0.95683 -1.10728 -0.891916 0.35 1.68369 0.0241899 0.35
65 -0.955647 -1.10873 -0.882926 0.35 1.67995 0.0245775 0.35
66 -0.954451 -1.11017 -0.873948 0.35 1.67622 0.0249645 0.35
67 -0.95324 -1.11161 -0.864979 0.35 1.6725 0.0253511 0.35
68 -0.952015 -1.11303 -0.856022 0.35 1.66879 0.0257371 0.35
69 -0.950776 -1.11445 -0.847075 0.35 1.6651 0.0261227 0.35
70 -0.949523 -1.11585 -0.838139 0.35 1.66142 0.0265077 0.35
71 -0.948256 -1.11725 -0.829213 0.35 1.65775 0.0268923 0.35
72 -0.946976 -1.11863 -0.820298 0.35 1.6541 0.0272764 0.35
73 -0.945682 -1.12001 -0.811394 0.35 1.65045 0.02766 0.35
74 -0.944374 -1.12137 -0.8025 0.35 1.64682 0.0280432 0.35
75 -0.943054 -1.12273 -0.793617 0.35 1.6432 0.0284259 0.35
76 -0.941719 -1.12407 -0.784744 0.35 1.63959 0.0288082 0.35
77 -0.940372 -1.12541 -0.775882 0.35 1.63599 0.0291901 0.35
78 -0.939011 -1.12673 -0.76703 0.35 1.6324 0.0295715 0.35
79 -0.937638 -1.12804 -0.758189 0.35 1.62883 0.0299525 0.35
80 -0.936251 -1.12934 -0.749358 0.35 1.62526 0.0303331 0.35
81 -0.934852 -1.13063 -0.740538 0.35 1.62171 0.0307133 0.35
82 -0.93344 -1.13191 -0.731729 0.35 1.61816 0.0310931 0.35
83 -0.932015 -1.13318 -0.72293 0.35 1.61463 0.0314726 0.35
84 -0.930578 -1.13444 -0.714141 0.35 1.61111 0.0318516 0.35
85 -0.929128 -1.13568 -0.705363 0.35 1.6076 0.0322304 0.35
86 -0.927666 -1.13692 -0.696595 0.35 1.60409 0.0326087 0.35
87 -0.926192 -1.13814 -0.687838 0.35 1.6006 0.0329867 0.35
88 -0.924706 -1.13935 -0.679091 0.35 1.59712 0.0333644 0.35
89 -0.923207 -1.14055 -0.670355 0.35 1.59365 0.0337418 0.35
90 -0.921697 -1.14173 -0.661629 0.35 1.59018 0.0341189 0.35
91 -0.920175 -1.14291 -0.652913 0.35 1.58673 0.0344956 0.35
92 -0.918642 -1.14407 -0.644208 0.35 1.58329 0.0348721 0.35
93 -0.917096 -1.14522 -0.635513 0.35 1.57985 0.0352483 0.35
94 -0.91554 -1.14636 -0.626829 0.35 1.57643 0.0356242 0.35
95 -0.913972 -1.14748 -0.618155 0.35 1.57301 0.0359999 0.35
96 -0.912393 -1.1486 -0.609491 0.35 1.5696 0.0363753 0.35
97 -0.910802 -1.1497 -0.600838 0.35 1.56621 0.0367505 0.35
98 -0.909201 -1.15079 -0.592195 0.35 1.56282 0.0371255 0.35
99 -0.907589 -1.15186 -0.583562 0.35 1.55943 0.0375002 0.35
100 -0.905966 -1.15292 -0.57494 0.35 1.55606 0.0378748 0.35
101 -0.904332 -1.15397 -0.566328 0.35 1.5527 0.0382491 0.35
102 -0.902688 -1.15501 -0.557726 0.35 1.54934 0.0386233 0.35
103 -0.901033 -1.15603 -0.549135 0.35 1.54599 0.0389973 0.35
104 -0.899368 -1.15704 -0.540554 0.35 1.54265 0.0393711 0.35
105 -0.897693 -1.15803 -0.531984 0.35 1.53932 0.0397448 0.35
106 -0.896008 -1.15901 -0.523423 0.35 1.53599 0.0401184 0.35
107 -0.894313 -1.15998 -0.514873 0.35 1.53267 0.0404918 0.35
108 -0.892608 -1.16094 -0.506334 0.35 1.52936 0.0408652 0.35
109 -0.890893 -1.16188 -0.497805 0.35 1.52606 0.0412384 0.35
110 -0.889168 -1.16281 -0.489285 0.35 1.52276 0.0416115 0.35
111 -0.887435 -1.16372 -0.480777 0.35 1.51947 0.0419846 0.35
112 -0.885691 -1.16462 -0.472278 0.35 1.51619 0.0423576 0.35
113 -0.883939 -1.16551 -0.46379 0.35 1.51291 0.0427306 0.35
114 -0.882177 -1.16638 -0.455312 0.35 1.50964 0.0431035 0.35
115 -0.880407 -1.16724 -0.446845 0.35 1.50638 0.0434764 0.35
116 -0.878627 -1.16808 -0.438388 0.35 1.50312 0.0438493 0.35
117 -0.876839 -1.16891 -0.429941 0.35 1.49987 0.0442221 0.35
118 -0.875042 -1.16972 -0.421504 0.35 1.49663 0.044595 0.35
119 -0.873237 -1.17052 -0.413078 0.35 1.49339 0.044968 0.35
120 -0.871423 -1.17131 -0.404662 0.35 1.49016 0.0453409 0.35
121 -0.869601 -1.17208 -0.396256 0.35 1.48693 0.0457139 0.35
122 -0.867771 -1.17284 -0.387861 0.35 1.48371 0.046087 0.35
123 -0.865933 -1.17358 -0.379476 0.35 1.48049 0.0464602 0.35
124 -0.864086 -1.17431 -0.371101 0.35 1.47728 0.0468335 0.35
125 -0.862233 -1.17502 -0.362737 0.35 1.47407 0.0472068 0.35
126 -0.860371 -1.17572 -0.354382 0.35 1.47087 0.0475803 0.35
127 -0.858502 -1.1764 -0.346039 0.35 1.46767 0.0479539 0.35
128 -0.856626 -1.17707 -0.337705 0.35 1.46448 0.0483277 0.35
129 -0.854742 -1.17772 -0.329382 0.35 1.4613 0.0487016 0.35
130 -0.852851 -1.17836 -0.321069 0.35 1.45811 0.0490758 0.35
131 -0.850954 -1.17898 -0.312767 0.35 1.45493 0.0494501 0.35
132 -0.849049 -1.17959 -0.304475 0.35 1.45176 0.0498246 0.35
133 -0.847137 -1.18018 -0.296193 0.35 1.44859 0.0501993 0.35
134 -0.845219 -1.18076 -0.287921 0.35 1.44542 0.0505743 0.35
135 -0.843295 -1.18132 -0.27966 0.35 1.44226 0.0509495 0.35
136 -0.841364 -1.18186 -0.27141 0.35 1.4391 0.051325 0.35
137 -0.839427 -1.18239 -0.263169 0.35 1.43595 0.0517008 0.35
138 -0.837483 -1.18291 -0.254939 0.35 1.4328 0.0520769 0.35
139 -0.835534 -1.18341 -0.24672 0.35 1.42965 0.0524533 0.35
140 -0.833579 -1.18389 -0.238511 0.35 1.4265 0.05283 0.35
141 -0.831618 -1.18436 -0.230312 0.35 1.42336 0.053207 0.35
142 -0.829652 -1.18481 -0.222124 0.35 1.42022 0.0535844 0.35
143 -0.82768 -1.18525 -0.213946 0.35 1.41708 0.0539622 0.35
144 -0.825702 -1.18567 -0.205778 0.35 1.41395 0.0543404 0.35
145 -0.82372 -1.18608 -0.197622 0.35 1.41082 0.054719 0.35
146 -0.821732 -1.18647 -0.189475 0.35 1.40769 0.055098 0.35
147 -0.819739 -1.18684 -0.181339 0.35 1.40456 0.0554774 0.35
148 -0.817742 -1.1872 -0.173214 0.35 1.40144 0.0558573 0.35
149 -0.81574 -1.18754 -0.165099 0.35 1.39832 0.0562377 0.35
150 -0.813733 -1.18787 -0.156994 0.35 1.3952 0.0566185 0.35
151 -0.811722 -1.18818 -0.1489 0.35 1.39208 0.0569999 0.35
152 -0.809706 -1.18847 -0.140817 0.35 1.38896 0.0573817 0.35
153 -0.807686 -1.18875 -0.132744 0.35 1.38584 0.0577642 0.35
154 -0.805662 -1.18901 -0.124682 0.35 1.38273 0.0581471 0.35
155 -0.803635 -1.18926 -0.11663 0.35 1.37961 0.0585307 0.35
156 -0.801603 -1.18949 -0.108589 0.35 1.3765 0.0589148 0.35
157 -0.799568 -1.1897 -0.100559 0.35 1.37339 0.0592995 0.35
158 -0.797529 -1.1899 -0.092539 0.35 1.37028 0.0596849 0.35
159 -0.795486 -1.19008 -0.0845299 0.35 1.36717 0.0600709 0.35
160 -0.793441 -1.19024 -0.0765315 0.35 1.36406 0.0604576 0.35
161 -0.791392 -1.19039 -0.0685438 0.35 1.36095 0.0608449 0.35
162 -0.78934 -1.19052 -0.0605668 0.35 1.35784 0.0612329 0.35
163 -0.787285 -1.19064 -0.0526005 0.35 1.35473 0.0616217 0.35
164 -0.785228 -1.19074 -0.0446451 0.35 1.35162 0.0620112 0.35
165 -0.783167 -1.19082 -0.0367003 0.35 1.34852 0.0624014 0.35
166 -0.781105 -1.19089 -0.0287664 0.35 1.34541 0.0627924 0.35
167 -0.779039 -1.19094 -0.0208433 0.35 1.3423 0.0631842 0.35
168 -0.776972 -1.19098 -0.0129311 0.35 1.33919 0.0635768 0.35
169 -0.774902 -1.191 -0.00502972 0.35 1.33608 0.0639702 0.35
170 -0.77283 -1.191 0.00286077 0.35 1.33297 0.0643644 0.35
171 -0.770756 -1.19099 0.0107403 0.35 1.32985 0.0647596 0.35
172 -0.768681 -1.19095 0.018609 0.35 1.32674 0.0651556 0.35
173 -0.766604 -1.19091 0.0264666 0.35 1.32363 0.0655525 0.35
174 -0.764525 -1.19084 0.0343133 0.35 1.32051 0.0659503 0.35
175 -0.762444 -1.19077 0.042149 0.35 1.3174 0.0663491 0.35
176 -0.760363 -1.19067 0.0499736 0.35 1.31428 0.0667488 0.35
177 -0.75828 -1.19056 0.0577871 0.35 1.31116 0.0671495 0.35
178 -0.756196 -1.19043 0.0655896 0.35 1.30804 0.0675512 0.35
179 -0.754112 -1.19028 0.0733809 0.35 1.30491 0.067954 0.35
180 -0.752026 -1.19012 0.0811611 0.35 1.30179 0.0683577 0.35
181 -0.74994 -1.18994 0.0889301 0.35 1.29866 0.0687626 0.35
182 -0.747853 -1.18975 0.0966879 0.35 1.29553 0.0691685 0.35
183 -0.745766 -1.18954 0.104434 0.35 1.29239 0.0695755 0.35
184 -0.743678 -1.18931 0.11217 0.35 1.28926 0.0699837 0.35
185 -0.74159 -1.18907 0.119894 0.35 1.28612 0.070393 0.35
186 -0.739502 -1.18881 0.127606 0.35 1.28298 0.0708034 0.35
187 -0.737415 -1.18853 0.135307 0.35 1.27984 0.0712151 0.35
188 -0.735327 -1.18824 0.142997 0.35 1.27669 0.0716279 0.35
189 -0.733239 -1.18793 0.150676 0.35 1.27354 0.072042 0.35
190 -0.731152 -1.18761 0.158343 0.35 1.27039 0.0724574 0.35
191 -0.729066 -1.18727 0.165998 0.35 1.26723 0.072874 0.35
192 -0.72698 -1.18691 0.173642 0.35 1.26407 0.0732919 0.35
193 -0.724894 -1.18653 0.181274 0.35 1.26091 0.0737111 0.35
194 -0.72281 -1.18614 0.188895 0.35 1.25774 0.0741317 0.35
195 -0.720726 -1.18574 0.196504 0.35 1.25457 0.0745536 0.35
196 -0.718644 -1.18531 0.204101 0.35 1.25139 0.074977 0.35
197 -0.716563 -1.18487 0.211687 0.35 1.24821 0.0754017 0.35
198 -0.714483 -1.18442 0.219261 0.35 1.24503 0.0758279 0.35
199 -0.712404 -1.18395 0.226823 0.35 1.24184 0.0762555 0.35
200 -0.710327 -1.18346 0.234373 0.35 1.23864 0.0766846 0.35
201 -0.708252 -1.18296 0.241911 0.35 1.23545 0.0771152 0.35
202 -0.706179 -1.18244 0.249437 0.35 1.23224 0.0775473 0.35
203 -0.704107 -1.1819 0.256952 0.35 1.22903 0.077981 0.35
204 -0.702037 -1.18135 0.264454 0.35 1.22582 0.0784163 0.35
205 -0.69997 -1.18078 0.271944 0.35 1.2226 0.0788531 0.35
206 -0.697904 -1.1802 0.279422 0.35 1.21938 0.0792916 0.35
207 -0.695841 -1.1796 0.286888 0.35 1.21615 0.0797317 0.35
208 -0.69378 -1.17898 0.294342 0.35 1.21291 0.0801735 0.35
209 -0.691722 -1.17835 0.301784 0.35 1.20967 0.080617 0.35
210 -0.689667 -1.1777 0.309213 0.35 1.20643 0.0810622 0.35
211 -0.687614 -1.17703 0.31663 0.35 1.20318 0.0815092 0.35
212 -0.685564 -1.17635 0.324034 0.35 1.19992 0.0819579 0.35
213 -0.683517 -1.17566 0.331426 0.35 1.19665 0.0824085 0.35
214 -0.681473 -1.17495 0.338806 0.35 1.19338 0.0828608 0.35
215 -0.679432 -1.17422 0.346173 0.35 1.1901 0.083315 0.35
216 -0.677395 -1.17348 0.353527 0.35 1.18682 0.0837711 0.35
217 -0.675361 -1.17272 0.360869 0.35 1.18353 0.0842291 0.35
218 -0.67333 -1.17194 0.368198 0.35 1.18023 0.084689 0.35
219 -0.671303 -1.17115 0.375514 0.35 1.17692 0.0851508 0.35
220 -0.66928 -1.17035 0.382818 0.35 1.17361 0.0856146 0.35
221 -0.66726 -1.16952 0.390108 0.35 1.17029 0.0860805 0.35
222 -0.665244 -1.16869 0.397386 0.35 1.16697 0.0865483 0.35
223 -0.663233 -1.16783 0.404651 0.35 1.16363 0.0870183 0.35
224 -0.661225 -1.16696 0.411902 0.35 1.16029 0.0874903 0.35
225 -0.659222 -1.16608 0.419141 0.35 1.15694 0.0879644 0.35
226 -0.657222 -1.16518 0.426366 0.35 1.15358 0.0884407 0.35
227 -0.655228 -1.16427 0.433578 0.35 1.15022 0.0889192 0.35
228 -0.653237 -1.16334 0.440777 0.35 1.14684 0.0893998 0.35
229 -0.651251 -1.16239 0.447963 0.35 1.14346 0.0898827 0.35
230 -0.64927 -1.16143 0.455135 0.35 1.14007 0.0903678 0.35
231 -0.647294 -1.16045 0.462294 0.35 1.13667 0.0908553 0.35
232 -0.645322 -1.15946 0.469439 0.35 1.13327 0.091345 0.35
233 -0.643356 -1.15846 0.47657 0.35 1.12985 0.0918371 0.35
234 -0.641394 -1.15743 0.483688 0.35 1.12643 0.0923315 0.35
235 -0.639438 -1.1564 0.490793 0.35 1.12299 0.0928284 0.35
236 -0.637486 -1.15535 0.497883 0.35 1.11955 0.0933276 0.35
237 -0.63554 -1.15428 0.504959 0.35 1.1161 0.0938294 0.35
238 -0.6336 -1.1532 0.512022 0.35 1.11264 0.0943336 0.35
239 -0.631665 -1.1521 0.519071 0.35 1.10917 0.0948404 0.35
240 -0.629735 -1.15099 0.526105 0.35 1.10569 0.0953497 0.35
241 -0.627811 -1.14986 0.533126 0.35 1.1022 0.0958616 0.35
242 -0.625893 -1.14872 0.540132 0.35 1.0987 0.0963761 0.35
243 -0.623981 -1.14757 0.547124 0.35 1.09519 0.0968932 0.35
244 -0.622074 -1.1464 0.554101 0.35 1.09167 0.097413 0.35
245 -0.620174 -1.14521 0.561064 0.35 1.08814 0.0979355 0.35
246 -0.618279 -1.14401 0.568013 0.35 1.0846 0.0984608 0.35
247 -0.616391 -1.1428 0.574947 0.35 1.08105 0.0989888 0.35
248 -0.614509 -1.14157 0.581866 0.35 1.07749 0.0995197 0.35
249 -0.612633 -1.14033 0.588771 0.35 1.07392 0.100053 0.35
250 -0.610764 -1.13907 0.595661 0.35 1.07034 0.10059 0.35
251 -0.608901 -1.1378 0.602536 0.35 1.06675 0.101129 0.35
252 -0.607045 -1.13651 0.609395 0.35 1.06315 0.101672 0.35
253 -0.605195 -1.13521 0.61624 0.35 1.05953 0.102217 0.35
254 -0.603353 -1.13389 0.62307 0.35 1.05591 0.102765 0.35
255 -0.601516 -1.13257 0.629884 0.35 1.05227 0.103317 0.35
256 -0.599687 -1.13122 0.636684 0.35 1.04862 0.103871 0.35
257 -0.597865 -1.12987 0.643467 0.35 1.04496 0.104429 0.35
258 -0.596049 -1.12849 0.650236 0.35 1.04129 0.104989 0.35
259 -0.594241 -1.12711 0.656988 0.35 1.03761 0.105553 0.35
260 -0.59244 -1.12571 0.663725 0.35 1.03392 0.10612 0.35
261 -0.590646 -1.1243 0.670446 0.35 1.03021 0.106691 0.35
262 -0.588859 -1.12287 0.677152 0.35 1.02649 0.107264 0.35
263 -0.58708 -1.12143 0.683841 0.35 1.02276 0.107841 0.35
264 -0.585308 -1.11998 0.690515 0.35 1.01902 0.108421 0.35
265 -0.583544 -1.11851 0.697172 0.35 1.01527 0.109005 0.35
266 -0.581787 -1.11703 0.703813 0.35 1.0115 0.109592 0.35
267 -0.580038 -1.11553 0.710438 0.35 1.00772 0.110182 0.35
268 -0.578296 -1.11403 0.717046 0.35 1.00393 0.110776 0.35
269 -0.576562 -1.1125 0.723638 0.35 1.00012 0.111374 0.35
270 -0.574836 -1.11097 0.730214 0.35 0.996308 0.111975 0.35
271 -0.573118 -1.10942 0.736772 0.35 0.992478 0.11258 0.35
272 -0.571408 -1.10786 0.743314 0.35 0.988635 0.113188 0.35
273 -0.569706 -1.10628 0.749839 0.35 0.984778 0.1138 0.35
274 -0.568012 -1.1047 0.756347 0.35 0.980909 0.114416 0.35
275 -0.566326 -1.10309 0.762837 0.35 0.977027 0.115035 0.35
276 -0.564648 -1.10148 0.769311 0.35 0.973131 0.115658 0.35
277 -0.562978 -1.09985 0.775767 0.35 0.969221 0.116286 0.35
278 -0.561317 -1.09821 0.782206 0.35 0.965298 0.116917 0.35
279 -0.559664 -1.09656 0.788627 0.35 0.961362 0.117551 0.35
280 -0.558019 -1.09489 0.795031 0.35 0.957412 0.11819 0.35
281 -0.556383 -1.09321 0.801416 0.35 0.953448 0.118833 0.35
282 -0.554755 -1.09152 0.807784 0.35 0.94947 0.11948 0.35
283 -0.553136 -1.08982 0.814134 0.35 0.945478 0.120131 0.35
284 -0.551526 -1.0881 0.820466 0.35 0.941472 0.120786 0.35
285 -0.549924 -1.08637 0.82678 0.35 0.937451 0.121445 0.35
286 -0.548331 -1.08463 0.833075 0.35 0.933417 0.122109 0.35
287 -0.546746 -1.08288 0.839352 0.35 0.929368 0.122776 0.35
288 -0.54517 -1.08111 0.845611 0.35 0.925305 0.123448 0.35
289 -0.543604 -1.07933 0.85185 0.35 0.921227 0.124124 0.35
290 -0.542046 -1.07754 0.858071 0.35 0.917135 0.124805 0.35
291 -0.540497 -1.07574 0.864273 0.35 0.913028 0.12549 0.35
292 -0.538957 -1.07392 0.870456 0.35 0.908906 0.126179 0.35
293 -0.537425 -1.07209 0.87662 0.35 0.90477 0.126873 0.35
294 -0.535904 -1.07025 0.882764 0.35 0.900618 0.127572 0.35
295 -0.534391 -1.0684 0.888889 0.35 0.896452 0.128275 0.35
296 -0.532887 -1.06654 0.894995 0.35 0.892271 0.128982 0.35
297 -0.531392 -1.06466 0.90108 0.35 0.888074 0.129695 0.35
298 -0.529907 -1.06277 0.907146 0.35 0.883863 0.130412 0.35
299 -0.528431 -1.06087 0.913192 0.35 0.879636 0.131134 0.35
300 -0.526964 -1.05896 0.919218 0.35 0.875393 0.13186 0.35
301 -0.525506 -1.05704 0.925224 0.35 0.871136 0.132592 0.35
302 -0.524058 -1.05511 0.931209 0.35 0.866862 0.133328 0.35
303 -0.522619 -1.05316 0.937174 0.35 0.862574 0.134069 0.35
304 -0.52119 -1.0512 0.943119 0.35 0.85827 0.134816 0.35
305 -0.51977 -1.04923 0.949042 0.35 0.85395 0.135567 0.35
306 -0.518359 -1.04725 0.954945 0.35 0.849614 0.136323 0.35
307 -0.516958 -1.04526 0.960827 0.35 0.845263 0.137085 0.35
308 -0.515567 -1.04326 0.966687 0.35 0.840895 0.137851 0.35
309 -0.514185 -1.04124 0.972526 0.35 0.836512 0.138623 0.35
310 -0.512813 -1.03921 0.978344 0.35 0.832113 0.139401 0.35
311 -0.51145 -1.03718 0.98414 0.35 0.827698 0.140183 0.35
312 -0.510097 -1.03513 0.989914 0.35 0.823267 0.140971 0.35
313 -0.508754 -1.03307 0.995667 0.35 0.81882 0.141764 0.35
314 -0.50742 -1.031 1.0014 0.35 0.814356 0.142563 0.35
315 -0.506096 -1.02892 1.0071 0.35 0.809877 0.143367 0.35
316 -0.504782 -1.02683 1.01279 0.35 0.805381 0.144177 0.35
317 -0.503477 -1.02472 1.01845 0.35 0.800869 0.144992 0.35
318 -0.502182 -1.02261 1.02409 0.35 0.79634 0.145813 0.35
319 -0.500897 -1.02048 1.02971 0.35 0.791795 0.14664 0.35
320 -0.499622 -1.01835 1.03531 0.35 0.787234 0.147473 0.35
321 -0.498357 -1.0162 1.04088 0.35 0.782656 0.148311 0.35
322 -0.497101 -1.01404 1.04643 0.35 0.778062 0.149155 0.35
323 -0.495856 -1.01188 1.05195 0.35 0.773451 0.150005 0.35
324 -0.49462 -1.0097 1.05745 0.35 0.768824 0.150862 0.35
325 -0.493394 -1.00751 1.06293 0.35 0.76418 0.151724 0.35
326 -0.492178 -1.00531 1.06838 0.35 0.759519 0.152592 0.35
327 -0.490971 -1.0031 1.07381 0.35 0.754842 0.153466 0.35
328 -0.489775 -1.00088 1.07922 0.35 0.750148 0.154347 0.35
329 -0.488589 -0.998651 1.0846 0.35 0.745438 0.155234 0.35
330 -0.487412 -0.996411 1.08995 0.35 0.74071 0.156127 0.35
331 -0.486246 -0.99416 1.09528 0.35 0.735966 0.157026 0.35
332 -0.485089 -0.991899 1.10059 0.35 0.731205 0.157932 0.35
333 -0.483942 -0.989628 1.10587 0.35 0.726428 0.158844 0.35
334 -0.482806 -0.987347 1.11112 0.35 0.721633 0.159763 0.35
335 -0.481679 -0.985055 1.11635 0.35 0.716822 0.160688 0.35
336 -0.480562 -0.982754 1.12156 0.35 0.711994 0.16162 0.35
337 -0.479455 -0.980443 1.12674 0.35 0.707149 0.162559 0.35
338 -0.478358 -0.978121 1.13189 0.35 0.702287 0.163504 0.35
339 -0.477271 -0.97579 1.13701 0.35 0.697408 0.164456 0.35
340 -0.476193 -0.973449 1.14211 0.35 0.692513 0.165415 0.35
341 -0.475126 -0.971098 1.14718 0.35 0.6876 0.166381 0.35
342 -0.474069 -0.968737 1.15223 0.35 0.682671 0.167354 0.35
343 -0.473021 -0.966366 1.15725 0.35 0.677725 0.168334 0.35
344 -0.471984 -0.963986 1.16224 0.35 0.672762 0.169321 0.35
345 -0.470956 -0.961596 1.1672 0.35 0.667782 0.170315 0.35
346 -0.469938 -0.959196 1.17214 0.35 0.662785 0.171316 0.35
347 -0.468931 -0.956787 1.17705 0.35 0.657772 0.172325 0.35
348 -0.467933 -0.954368 1.18193 0.35 0.652741 0.173341 0.35
349 -0.466944 -0.95194 1.18678 0.35 0.647694 0.174364 0.35
350 -0.465966 -0.949502 1.1916 0.35 0.64263 0.175395 0.35
351 -0.464998 -0.947054 1.1964 0.35 0.637549 0.176433 0.35
352 -0.464039 -0.944597 1.20116 0.35 0.632452 0.177479 0.35
353 -0.46309 -0.942131 1.2059 0.35 0.627337 0.178532 0.35
354 -0.462151 -0.939655 1.21061 0.35 0.622206 0.179593 0.35
355 -0.461222 -0.93717 1.21529 0.35 0.617059 0.180662 0.35
356 -0.460302 -0.934675 1.21993 0.35 0.611895 0.181738 0.35
357 -0.459392 -0.932171 1.22455 0.35 0.606714 0.182823 0.35
358 -0.458492 -0.929658 1.22914 0.35 0.601516 0.183915 0.35
359 -0.457601 -0.927135 1.2337 0.35 0.596302 0.185015 0.35
360 -0.45672 -0.924604 1.23822 0.35 0.591072 0.186124 0.35
361 -0.455849 -0.922063 1.24272 0.35 0.585825 0.18724 0.35
362 -0.454987 -0.919513 1.24719 0.35 0.580561 0.188365 0.35
363 -0.454135 -0.916953 1.25162 0.35 0.575282 0.189498 0.35
364 -0.453293 -0.914385 1.25602 0.35 0.569985 0.190639 0.35
365 -0.45246 -0.911807 1.26039 0.35 0.564673 0.191789 0.35
366 -0.451636 -0.90922 1.26473 0.35 0.559344 0.192947 0.35
367 -0.450822 -0.906624 1.26904 0.35 0.554 0.194113 0.35
368 -0.450017 -0.904019 1.27331 0.35 0.548639 0.195288 0.35
369 -0.449222 -0.901405 1.27755 0.35 0.543262 0.196472 0.35
370 -0.448436 -0.898782 1.28176 0.35 0.537869 0.197664 0.35
371 -0.447659 -0.89615 1.28593 0.35 0.53246 0.198866 0.35
372 -0.446892 -0.893509 1.29008 0.35 0.527035 0.200076 0.35
373 -0.446133 -0.890859 1.29418 0.35 0.521595 0.201294 0.35
374 -0.445384 -0.8882 1.29826 0.35 0.516139 0.202522 0.35
375 -0.444645 -0.885532 1.3023 0.35 0.510667 0.203759 0.35
376 -0.443914 -0.882855 1.3063 0.35 0.505179 0.205005 0.35
377 -0.443192 -0.880169 1.31027 0.35 0.499676 0.20626 0.35
378 -0.442479 -0.877474 1.31421 0.35 0.494158 0.207524 0.35
379 -0.441775 -0.87477 1.31811 0.35 0.488625 0.208798 0.35
380 -0.441081 -0.872057 1.32198 0.35 0.483076 0.210081 0.35
381 -0.440395 -0.869335 1.3258 0.35 0.477512 0.211373 0.35
382 -0.439717 -0.866604 1.3296 0.35 0.471933 0.212675 0.35
383 -0.439049 -0.863865 1.33336 0.35 0.466339 0.213987 0.35
384 -0.438389 -0.861116 1.33708 0.35 0.46073 0.215308 0.35
385 -0.437738 -0.858359 1.34076 0.35 0.455106 0.216639 0.35
386 -0.437096 -0.855593 1.34441 0.35 0.449468 0.217979 0.35
387 -0.436462 -0.852818 1.34802 0.35 0.443815 0.21933 0.35
388 -0.435836 -0.850034 1.35159 0.35 0.438148 0.22069 0.35
389 -0.435219 -0.847241 1.35512 0.35 0.432466 0.222061 0.35
390 -0.43461 -0.844439 1.35862 0.35 0.42677 0.223441 0.35
391 -0.43401 -0.841628 1.36208 0.35 0.42106 0.224831 0.35
392 -0.433418 -0.838808 1.3655 0.35 0.415336 0.226232 0.35
393 -0.432834 -0.83598 1.36888 0.35 0.409598 0.227643 0.35
394 -0.432258 -0.833142 1.37222 0.35 0.403847 0.229064 0.35
395 -0.43169 -0.830296 1.37552 0.35 0.398081 0.230496 0.35
396 -0.43113 -0.827441 1.37878 0.35 0.392303 0.231938 0.35
397 -0.430578 -0.824576 1.382 0.35 0.38651 0.233391 0.35
398 -0.430034 -0.821703 1.38518 0.35 0.380705 0.234855 0.35
399 -0.429497 -0.818821 1.38832 0.35 0.374886 0.236329 0.35
400 -0.428968 -0.81593 1.39142 0.35 0.369055 0.237813 0.35
401 -0.428447 -0.81303 1.39448 0.35 0.36321 0.239309 0.35
402 -0.427933 -0.810121 1.39749 0.35 0.357353 0.240816 0.35
403 -0.427427 -0.807203 1.40047 0.35 0.351483 0.242333 0.35
404 -0.426928 -0.804276 1.4034 0.35 0.345601 0.243862 0.35
405 -0.426436 -0.80134 1.40629 0.35 0.339707 0.245402 0.35
406 -0.425952 -0.798394 1.40914 0.35 0.3338 0.246953 0.35
407 -0.425474 -0.79544 1.41194 0.35 0.327882 0.248515 0.35
408 -0.425003 -0.792477 1.4147 0.35 0.321951 0.250088 0.35
409 -0.42454 -0.789505 1.41742 0.35 0.316009 0.251673 0.35
410 -0.424083 -0.786523 1.42009 0.35 0.310055 0.25327 0.35
411 -0.423633 -0.783532 1.42272 0.35 0.30409 0.254878 0.35
412 -0.423189 -0.780532 1.4253 0.35 0.298114 0.256498 0.35
413 -0.422752 -0.777523 1.42784 0.35 0.292127 0.258129 0.35
414 -0.422322 -0.774505 1.43033 0.35 0.286129 0.259772 0.35
415 -0.421897 -0.771477 1.43278 0.35 0.28012 0.261427 0.35
416 -0.421479 -0.768441 1.43518 0.35 0.2741 0.263094 0.35
417 -0.421067 -0.765395 1.43753 0.35 0.268071 0.264773 0.35
418 -0.420661 -0.762339 1.43984 0.35 0.26203 0.266465 0.35
419 -0.420261 -0.759274 1.4421 0.35 0.25598 0.268168 0.35
420 -0.419867 -0.7562 1.44431 0.35 0.24992 0.269883 0.35
421 -0.419478 -0.753116 1.44648 0.35 0.243851 0.271611 0.35
422 -0.419095 -0.750023 1.4486 0.35 0.237772 0.273352 0.35
423 -0.418717 -0.746921 1.45066 0.35 0.231683 0.275104 0.35
424 -0.418344 -0.743808 1.45268 0.35 0.225585 0.27687 0.35
425 -0.417977 -0.740687 1.45466 0.35 0.219479 0.278647 0.35
426 -0.417615 -0.737555 1.45658 0.35 0.213363 0.280438 0.35
427 -0.417258 -0.734415 1.45845 0.35 0.207239 0.282241 0.35
428 -0.416905 -0.731264 1.46027 0.35 0.201107 0.284057 0.35
429 -0.416557 -0.728104 1.46204 0.35 0.194966 0.285887 0.35
430 -0.416214 -0.724933 1.46376 0.35 0.188817 0.287729 0.35
431 -0.415875 -0.721754 1.46543 0.35 0.182661 0.289584 0.35
432 -0.41554 -0.718564 1.46705 0.35 0.176496 0.291452 0.35
433 -0.415209 -0.715364 1.46861 0.35 0.170324 0.293334 0.35
434 -0.414883 -0.712155 1.47013 0.35 0.164145 0.295229 0.35
435 -0.41456 -0.708935 1.47159 0.35 0.157959 0.297137 0.35
436 -0.414241 -0.705706 1.47299 0.35 0.151766 0.299059 0.35
437 -0.413925 -0.702466 1.47435 0.35 0.145566 0.300994 0.35
438 -0.413613 -0.699216 1.47565 0.35 0.13936 0.302943 0.35
439 -0.413304 -0.695956 1.47689 0.35 0.133147 0.304906 0.35
440 -0.412998 -0.692686 1.47808 0.35 0.126928 0.306882 0.35
441 -0.412695 -0.689406 1.47922 0.35 0.120704 0.308873 0.35
442 -0.412394 -0.686115 1.4803 0.35 0.114473 0.310877 0.35
443 -0.412096 -0.682814 1.48133 0.35 0.108237 0.312895 0.35
444 -0.411801 -0.679502 1.4823 0.35 0.101996 0.314928 0.35
445 -0.411508 -0.676181 1.48321 0.35 0.0957489 0.316974 0.35
446 -0.411216 -0.672848 1.48406 0.35 0.0894973 0.319035 0.35
447 -0.410927 -0.669505 1.48486 0.35 0.083241 0.32111 0.35
448 -0.410639 -0.666151 1.4856 0.35 0.07698 0.3232 0.35
449 -0.410353 -0.662787 1.48628 0.35 0.0707146 0.325304 0.35
450 -0.410068 -0.659412 1.48691 0.35 0.0644451 0.327423 0.35
451 -0.409785 -0.656026 1.48747 0.35 0.0581715 0.329557 0.35
452 -0.409502 -0.652629 1.48798 0.35 0.051894 0.331705 0.35
453 -0.40922 -0.649221 1.48842 0.35 0.045613 0.333869 0.35
454 -0.408938 -0.645803 1.48881 0.35 0.0393285 0.336047 0.35
455 -0.408657 -0.642373 1.48913 0.35 0.0330407 0.33824 0.35
456 -0.408376 -0.638932 1.4894 0.35 0.0267498 0.340449 0.35
457 -0.408095 -0.63548 1.4896 0.35 0.020456 0.342672 0.35
458 -0.407813 -0.632017 1.48974 0.35 0.0141595 0.344912 0.35
459 -0.407531 -0.628543 1.48982 0.35 0.0078604 0.347166 0.35
460 -0.407248 -0.625057 1.48983 0.35 0.00155896 0.349436 0.35
461 -0.406966 -0.621577 1.48979 0.35 -0.00474467 0.35 0.348287
462 -0.406684 -0.618108 1.48968 0.35 -0.0110192 0.35 0.346034
463 -0.406402 -0.614651 1.48951 0.35 -0.0172547 0.35 0.343809
464 -0.406121 -0.611204 1.48927 0.35 -0.0234514 0.35 0.341612
465 -0.40584 -0.607768 1.48898 0.35 -0.0296096 0.35 0.339443
466 -0.405559 -0.604344 1.48863 0.35 -0.0357297 0.35 0.337301
467 -0.405277 -0.600929 1.48822 0.35 -0.041812 0.35 0.335184
468 -0.404994 -0.597525 1.48776 0.35 -0.0478569 0.35 0.333094
469 -0.404711 -0.594132 1.48723 0.35 -0.0538645 0.35 0.331029
470 -0.404426 -0.590749 1.48665 0.35 -0.0598354 0.35 0.32899
471 -0.404141 -0.587376 1.48602 0.35 -0.0657697 0.35 0.326975
472 -0.403854 -0.584014 1.48532 0.35 -0.0716679 0.35 0.324983
473 -0.403565 -0.580661 1.48458 0.35 -0.0775302 0.35 0.323016
474 -0.403275 -0.577318 1.48378 0.35 -0.0833569 0.35 0.321072
475 -0.402983 -0.573985 1.48293 0.35 -0.0891484 0.35 0.319151
476 -0.402689 -0.570662 1.48202 0.35 -0.094905 0.35 0.317252
477 -0.402392 -0.567348 1.48107 0.35 -0.100627 0.35 0.315375
478 -0.402093 -0.564044 1.48006 0.35 -0.106315 0.35 0.31352
479 -0.401792 -0.560749 1.479 0.35 -0.111969 0.35 0.311686
480 -0.401487 -0.557464 1.47789 0.35 -0.117589 0.35 0.309873
481 -0.40118 -0.554188 1.47673 0.35 -0.123176 0.35 0.308081
482 -0.40087 -0.550921 1.47553 0.35 -0.12873 0.35 0.306308
483 -0.400557 -0.547664 1.47427 0.35 -0.134251 0.35 0.304556
484 -0.40024 -0.544415 1.47297 0.35 -0.13974 0.35 0.302823
485 -0.39992 -0.541175 1.47162 0.35 -0.145197 0.35 0.30111
486 -0.399596 -0.537944 1.47022 0.35 -0.150622 0.35 0.299415
487 -0.399269 -0.534722 1.46878 0.35 -0.156015 0.35 0.297739
488 -0.398937 -0.531509 1.46729 0.35 -0.161378 0.35 0.296081
489 -0.398602 -0.528304 1.46575 0.35 -0.16671 0.35 0.294441
490 -0.398262 -0.525108 1.46417 0.35 -0.172011 0.35 0.292819
491 -0.397918 -0.52192 1.46255 0.35 -0.177282 0.35 0.291213
492 -0.39757 -0.518741 1.46088 0.35 -0.182523 0.35 0.289625
493 -0.397218 -0.51557 1.45917 0.35 -0.187735 0.35 0.288054
494 -0.39686 -0.512408 1.45742 0.35 -0.192917 0.35 0.286499
495 -0.396498 -0.509254 1.45562 0.35 -0.198071 0.35 0.28496
496 -0.396131 -0.506108 1.45378 0.35 -0.203196 0.35 0.283438
497 -0.39576 -0.50297 1.4519 0.35 -0.208292 0.35 0.28193
498 -0.395383 -0.499841 1.44998 0.35 -0.213361 0.35 0.280439
499 -0.395001 -0.496719 1.44802 0.35 -0.218401 0.35 0.278962
500 -0.394613 -0.493606 1.44601 0.35 -0.223415 0.35 0.2775
501 -0.39422 -0.4905 1.44397 0.35 -0.228401 0.35 0.276053
502 -0.393822 -0.487403 1.44189 0.35 -0.23336 0.35 0.27462
503 -0.393418 -0.484313 1.43977 0.35 -0.238293 0.35 0.273202
504 -0.393009 -0.481231 1.43761 0.35 -0.2432 0.35 0.271797
505 -0.392594 -0.478157 1.43541 0.35 -0.24808 0.35 0.270406
506 -0.392172 -0.475091 1.43317 0.35 -0.252935 0.35 0.269029
507 -0.391745 -0.472032 1.4309 0.35 -0.257765 0.35 0.267665
508 -0.391312 -0.468981 1.42858 0.35 -0.262569 0.35 0.266313
509 -0.390873 -0.465938 1.42624 0.35 -0.267349 0.35 0.264975
510 -0.390427 -0.462902 1.42385 0.35 -0.272104 0.35 0.263649
511 -0.389975 -0.459874 1.42143 0.35 -0.276835 0.35 0.262336
512 -0.389517 -0.456853 1.41897 0.35 -0.281542 0.35 0.261035
513 -0.389052 -0.45384 1.41648 0.35 -0.286226 0.35 0.259746
514 -0.38858 -0.450835 1.41395 0.35 -0.290886 0.35 0.258468
515 -0.388102 -0.447836 1.41139 0.35 -0.295523 0.35 0.257203
516 -0.387617 -0.444846 1.40879 0.35 -0.300138 0.35 0.255948
517 -0.387126 -0.441862 1.40616 0.35 -0.304729 0.35 0.254705
518 -0.386627 -0.438887 1.40349 0.35 -0.309299 0.35 0.253473
519 -0.386122 -0.435918 1.40079 0.35 -0.313847 0.35 0.252252
520 -0.385609 -0.432957 1.39806 0.35 -0.318373 0.35 0.251042
521 -0.38509 -0.430003 1.39529 0.35 -0.322877 0.35 0.249842
522 -0.384563 -0.427056 1.39249 0.35 -0.327361 0.35 0.248653
523 -0.384029 -0.424117 1.38966 0.35 -0.331823 0.35 0.247473
524 -0.383488 -0.421185 1.38679 0.35 -0.336266 0.35 0.246304
525 -0.382939 -0.418261 1.3839 0.35 -0.340687 0.35 0.245145
526 -0.382383 -0.415343 1.38097 0.35 -0.345089 0.35 0.243995
527 -0.381819 -0.412433 1.37801 0.35 -0.349471 0.35 0.242855
528 -0.381248 -0.40953 1.37502 0.35 -0.353834 0.35 0.241725
529 -0.380669 -0.406634 1.37199 0.35 -0.358177 0.35 0.240603
530 -0.380083 -0.403746 1.36894 0.35 -0.362501 0.35 0.239491
531 -0.379488 -0.400864 1.36586 0.35 -0.366807 0.35 0.238388
532 -0.378886 -0.39799 1.36274 0.35 -0.371094 0.35 0.237293
533 -0.378276 -0.395123 1.3596 0.35 -0.375363 0.35 0.236207
534 -0.377658 -0.392264 1.35643 0.35 -0.379614 0.35 0.23513
535 -0.377033 -0.389411 1.35323 0.35 -0.383848 0.35 0.234061
536 -0.376399 -0.386566 1.34999 0.35 -0.388064 0.35 0.233001
537 -0.375757 -0.383728 1.34673 0.35 -0.392263 0.35 0.231948
538 -0.375107 -0.380897 1.34344 0.35 -0.396445 0.35 0.230904
539 -0.374449 -0.378074 1.34012 0.35 -0.400611 0.35 0.229867
540 -0.373782 -0.375257 1.33678 0.35 -0.40476 0.35 0.228838
541 -0.373108 -0.372448 1.3334 0.35 -0.408893 0.35 0.227817
542 -0.372425 -0.369646 1.33 0.35 -0.41301 0.35 0.226803
543 -0.371733 -0.366851 1.32657 0.35 -0.417111 0.35 0.225797
544 -0.371033 -0.364064 1.32311 0.35 -0.421198 0.35 0.224798
545 -0.370325 -0.361283 1.31962 0.35 -0.425269 0.35 0.223806
546 -0.369609 -0.35851 1.31611 0.35 -0.429325 0.35 0.222821
547 -0.368883 -0.355745 1.31257 0.35 -0.433366 0.35 0.221843
548 -0.368149 -0.352986 1.309 0.35 -0.437393 0.35 0.220872
549 -0.367407 -0.350235 1.30541 0.35 -0.441407 0.35 0.219907
550 -0.366656 -0.347491 1.30179 0.35 -0.445406 0.35 0.218949
551 -0.365896 -0.344755 1.29814 0.35 -0.449391 0.35 0.217998
552 -0.365128 -0.342026 1.29447 0.35 -0.453363 0.35 0.217053
553 -0.36435 -0.339304 1.29077 0.35 -0.457322 0.35 0.216114
554 -0.363564 -0.33659 1.28705 0.35 -0.461268 0.35 0.215181
555 -0.362769 -0.333883 1.2833 0.35 -0.465202 0.35 0.214254
556 -0.361966 -0.331183 1.27952 0.35 -0.469122 0.35 0.213333
557 -0.361153 -0.328491 1.27572 0.35 -0.473031 0.35 0.212419
558 -0.360331 -0.325806 1.27189 0.35 -0.476928 0.35 0.211509
559 -0.359501 -0.323129 1.26804 0.35 -0.480813 0.35 0.210606
560 -0.358661 -0.32046 1.26417 0.35 -0.484686 0.35 0.209708
561 -0.357813 -0.317798 1.26027 0.35 -0.488548 0.35 0.208816
562 -0.356955 -0.315143 1.25634 0.35 -0.492399 0.35 0.207929
563 -0.356088 -0.312496 1.2524 0.35 -0.496239 0.35 0.207047
564 -0.355212 -0.309857 1.24842 0.35 -0.500069 0.35 0.20617
565 -0.354328 -0.307225 1.24442 0.35 -0.503888 0.35 0.205299
566 -0.353434 -0.304601 1.2404 0.35 -0.507697 0.35 0.204433
567 -0.35253 -0.301985 1.23636 0.35 -0.511497 0.35 0.203571
568 -0.351618 -0.299376 1.23229 0.35 -0.515286 0.35 0.202715
569 -0.350696 -0.296775 1.2282 0.35 -0.519066 0.35 0.201863
570 -0.349765 -0.294182 1.22408 0.35 -0.522837 0.35 0.201016
571 -0.348825 -0.291597 1.21994 0.35 -0.526599 0.35 0.200173
572 -0.347876 -0.28902 1.21578 0.35 -0.530352 0.35 0.199335
573 -0.346917 -0.28645 1.2116 0.35 -0.534096 0.35 0.198502
574 -0.345949 -0.283888 1.20739 0.35 -0.537832 0.35 0.197672
575 -0.344972 -0.281335 1.20316 0.35 -0.54156 0.35 0.196848
576 -0.343985 -0.278789 1.1989 0.35 -0.54528 0.35 0.196027
577 -0.342989 -0.276252 1.19463 0.35 -0.548993 0.35 0.195211
578 -0.341984 -0.273722 1.19033 0.35 -0.552698 0.35 0.194398
579 -0.340969 -0.271201 1.18601 0.35 -0.556395 0.35 0.19359
580 -0.339945 -0.268687 1.18167 0.35 -0.560086 0.35 0.192785
581 -0.338911 -0.266182 1.1773 0.35 -0.563769 0.35 0.191985
582 -0.337868 -0.263686 1.17291 0.35 -0.567447 0.35 0.191188
583 -0.336816 -0.261197 1.1685 0.35 -0.571117 0.35 0.190395
584 -0.335754 -0.258717 1.16407 0.35 -0.574782 0.35 0.189605
585 -0.334683 -0.256245 1.15962 0.35 -0.57844 0.35 0.18882
586 -0.333602 -0.253781 1.15515 0.35 -0.582093 0.35 0.188037
587 -0.332512 -0.251326 1.15065 0.35 -0.58574 0.35 0.187258
588 -0.331412 -0.248879 1.14613 0.35 -0.589382 0.35 0.186483
589 -0.330303 -0.246441 1.1416 0.35 -0.593018 0.35 0.185711
590 -0.329184 -0.244012 1.13704 0.35 -0.59665 0.35 0.184942
591 -0.328056 -0.241591 1.13246 0.35 -0.600277 0.35 0.184176
592 -0.326919 -0.239178 1.12785 0.35 -0.603899 0.35 0.183414
593 -0.325772 -0.236775 1.12323 0.35 -0.607517 0.35 0.182654
594 -0.324615 -0.23438 1.11859 0.35 -0.611131 0.35 0.181898
595 -0.323449 -0.231994 1.11392 0.35 -0.614741 0.35 0.181144
596 -0.322274 -0.229617 1.10924 0.35 -0.618348 0.35 0.180394
597 -0.321089 -0.227248 1.10453 0.35 -0.621951 0.35 0.179646
598 -0.319894 -0.224889 1.09981 0.35 -0.62555 0.35 0.178901
599 -0.31869 -0.222539 1.09506 0.35 -0.629146 0.35 0.178159
600 -0.317477 -0.220197 1.09029 0.35 -0.63274 0.35 0.177419
601 -0.316254 -0.217865 1.0855 0.35 -0.636331 0.35 0.176683
602 -0.315022 -0.215542 1.0807 0.35 -0.639919 0.35 0.175948
603 -0.31378 -0.213228 1.07587 0.35 -0.643505 0.35 0.175216
604 -0.312529 -0.210923 1.07102 0.35 -0.647089 0.35 0.174487
605 -0.311268 -0.208628 1.06615 0.35 -0.650671 0.35 0.17376
606 -0.309998 -0.206342 1.06126 0.35 -0.654251 0.35 0.173036
607 -0.308719 -0.204065 1.05635 0.35 -0.657829 0.35 0.172313
608 -0.30743 -0.201798 1.05142 0.35 -0.661407 0.35 0.171593
609 -0.306132 -0.19954 1.04648 0.35 -0.664983 0.35 0.170875
610 -0.304824 -0.197292 1.04151 0.35 -0.668558 0.35 0.17016
611 -0.303507 -0.195053 1.03652 0.35 -0.672133 0.35 0.169446
612 -0.302181 -0.192824 1.03151 0.35 -0.675707 0.35 0.168735
613 -0.300845 -0.190605 1.02649 0.35 -0.67928 0.35 0.168025
614 -0.2995 -0.188396 1.02144 0.35 -0.682854 0.35 0.167318
615 -0.298146 -0.186196 1.01637 0.35 -0.686427 0.35 0.166612
616 -0.296783 -0.184006 1.01129 0.35 -0.690001 0.35 0.165909
617 -0.29541 -0.181827 1.00618 0.349197 -0.691982 0.35 0.165207
618 -0.294028 -0.179657 1.00106 0.346883 -0.690941 0.35 0.164507
619 -0.292636 -0.177497 0.995916 0.34457 -0.689854 0.35 0.163809
620 -0.291236 -0.175348 0.990754 0.342259 -0.688724 0.35 0.163112
621 -0.289826 -0.173208 0.985572 0.339949 -0.687549 0.35 0.162417
622 -0.288407 -0.171079 0.980371 0.337639 -0.686331 0.35 0.161724
623 -0.286979 -0.16896 0.975151 0.335331 -0.685069 0.35 0.161032
624 -0.285542 -0.166852 0.969912 0.333023 -0.683763 0.35 0.160342
625 -0.284096 -0.164754 0.964654 0.330717 -0.682414 0.35 0.159654
626 -0.28264 -0.162666 0.959376 0.328412 -0.681021 0.35 0.158966
627 -0.281176 -0.160589 0.95408 0.326107 -0.679586 0.35 0.158281
628 -0.279703 -0.158522 0.948765 0.323804 -0.678107 0.35 0.157596
629 -0.27822 -0.156466 0.943431 0.321501 -0.676586 0.35 0.156913
630 -0.276729 -0.154421 0.938079 0.319199 -0.675022 0.35 0.156231
631 -0.275229 -0.152387 0.932707 0.316899 -0.673415 0.35 0.155551
632 -0.27372 -0.150363 0.927317 0.314599 -0.671766 0.35 0.154872
633 -0.272202 -0.148351 0.921908 0.3123 -0.670074 0.35 0.154194
634 -0.270675 -0.146349 0.91648 0.310003 -0.668341 0.35 0.153517
635 -0.269139 -0.144358 0.911034 0.307706 -0.666565 0.35 0.152841
636 -0.267595 -0.142378 0.905569 0.30541 -0.664747 0.35 0.152167
637 -0.266042 -0.14041 0.900085 0.303115 -0.662887 0.35 0.151493
638 -0.26448 -0.138452 0.894583 0.300821 -0.660985 0.35 0.150821
639 -0.262909 -0.136506 0.889062 0.298528 -0.659041 0.35 0.150149
640 -0.26133 -0.134572 0.883523 0.296235 -0.657056 0.35 0.149478
641 -0.259743 -0.132648 0.877965 0.293944 -0.655029 0.35 0.148809
642 -0.258147 -0.130736 0.872389 0.291654 -0.652961 0.35 0.14814
643 -0.256542 -0.128836 0.866794 0.289364 -0.650851 0.35 0.147472
644 -0.254929 -0.126947 0.861181 0.287075 -0.6487 0.35 0.146805
645 -0.253307 -0.125069 0.85555 0.284788 -0.646507 0.35 0.146139
646 -0.251677 -0.123204 0.8499 0.282501 -0.644273 0.35 0.145474
647 -0.250039 -0.12135 0.844231 0.280215 -0.641998 0.35 0.144809
648 -0.248392 -0.119508 0.838545 0.27793 -0.639681 0.35 0.144145
649 -0.246738 -0.117677 0.83284 0.275646 -0.637324 0.35 0.143482
650 -0.245075 -0.115859 0.827117 0.273363 -0.634925 0.35 0.142819
651 -0.243403 -0.114053 0.821375 0.271081 -0.632485 0.35 0.142158
652 -0.241724 -0.112259 0.815615 0.2688 -0.630004 0.35 0.141496
653 -0.240037 -0.110476 0.809837 0.266519 -0.627483 0.35 0.140836
654 -0.238342 -0.108706 0.804041 0.26424 -0.62492 0.35 0.140176
655 -0.236638 -0.106949 0.798227 0.261961 -0.622316 0.35 0.139516
656 -0.234927 -0.105203 0.792394 0.259684 -0.619671 0.35 0.138857
657 -0.233208 -0.10347 0.786543 0.257407 -0.616985 0.35 0.138199
658 -0.231481 -0.10175 0.780674 0.255132 -0.614258 0.35 0.137541
659 -0.229747 -0.100041 0.774787 0.252857 -0.61149 0.35 0.136883
660 -0.228005 -0.0983459 0.768881 0.250583 -0.608681 0.35 0.136226
661 -0.226255 -0.0966629 0.762958 0.24831 -0.605832 0.35 0.135569
662 -0.224497 -0.0949926 0.757016 0.246038 -0.602941 0.35 0.134913
663 -0.222732 -0.093335 0.751057 0.243768 -0.600009 0.35 0.134257
664 -0.220962 -0.0916923 0.745086 0.241498 -0.597036 0.349561 0.133434
665 -0.219199 -0.0900754 0.739146 0.239232 -0.594026 0.34675 0.131713
666 -0.217443 -0.0884842 0.733236 0.236985 -0.590999 0.343956 0.130014
667 -0.215694 -0.0869181 0.727356 0.234757 -0.587956 0.341177 0.128337
668 -0.213952 -0.085377 0.721507 0.232548 -0.584898 0.338415 0.126682
669 -0.212218 -0.0838605 0.715689 0.230358 -0.581826 0.335669 0.125048
670 -0.210492 -0.0823682 0.709902 0.228187 -0.57874 0.332939 0.123435
671 -0.208774 -0.0809 0.704145 0.226034 -0.575642 0.330225 0.121843
672 -0.207063 -0.0794554 0.69842 0.2239 -0.572531 0.327528 0.120272
673 -0.20536 -0.0780341 0.692726 0.221784 -0.56941 0.324847 0.118721
674 -0.203666 -0.0766359 0.687063 0.219687 -0.566277 0.322183 0.11719
675 -0.20198 -0.0752605 0.681432 0.217607 -0.563135 0.319535 0.11568
676 -0.200302 -0.0739074 0.675832 0.215546 -0.559983 0.316903 0.114189
677 -0.198632 -0.0725765 0.670264 0.213502 -0.556823 0.314287 0.112717
678 -0.196971 -0.0712674 0.664727 0.211476 -0.553655 0.311688 0.111265
679 -0.195319 -0.0699799 0.659222 0.209468 -0.55048 0.309105 0.109831
680 -0.193676 -0.0687136 0.653749 0.207477 -0.547298 0.306538 0.108416
681 -0.192041 -0.0674682 0.648308 0.205504 -0.544109 0.303988 0.10702
682 -0.190415 -0.0662435 0.642899 0.203548 -0.540916 0.301454 0.105642
683 -0.188798 -0.0650392 0.637522 0.201609 -0.537717 0.298936 0.104282
684 -0.187191 -0.0638549 0.632177 0.199687 -0.534514 0.296434 0.10294
685 -0.185592 -0.0626904 0.626864 0.197782 -0.531307 0.293949 0.101616
686 -0.184002 -0.0615455 0.621583 0.195894 -0.528097 0.291479 0.100308
687 -0.182422 -0.0604198 0.616334 0.194022 -0.524884 0.289026 0.0990185
688 -0.180851 -0.0593131 0.611117 0.192168 -0.521669 0.28659 0.0977455
689 -0.179289 -0.0582251 0.605933 0.190329 -0.518452 0.284169 0.0964893
690 -0.177737 -0.0571554 0.600781 0.188507 -0.515234 0.281764 0.0952497
691 -0.176194 -0.056104 0.59566 0.186701 -0.512015 0.279376 0.0940264
692 -0.174661 -0.0550704 0.590572 0.184911 -0.508795 0.277003 0.0928192
693 -0.173137 -0.0540545 0.585517 0.183137 -0.505576 0.274647 0.091628
694 -0.171623 -0.053056 0.580493 0.181379 -0.502358 0.272306 0.0904526
695 -0.170119 -0.0520745 0.575502 0.179637 -0.49914 0.269981 0.0892927
696 -0.168624 -0.0511099 0.570542 0.17791 -0.495924 0.267673 0.0881481
697 -0.167138 -0.050162 0.565615 0.176199 -0.49271 0.26538 0.0870188
698 -0.165663 -0.0492303 0.56072 0.174504 -0.489498 0.263103 0.0859044
699 -0.164197 -0.0483148 0.555857 0.172823 -0.486289 0.260841 0.0848048
700 -0.162741 -0.0474152 0.551027 0.171158 -0.483083 0.258596 0.0837199
701 -0.161295 -0.0465312 0.546228 0.169508 -0.47988 0.256366 0.0826493
702 -0.159858 -0.0456626 0.541461 0.167872 -0.476682 0.254152 0.081593
703 -0.158431 -0.0448091 0.536726 0.166252 -0.473487 0.251953 0.0805508
704 -0.157015 -0.0439705 0.532023 0.164646 -0.470297 0.24977 0.0795225
705 -0.155607 -0.0431467 0.527352 0.163055 -0.467112 0.247602 0.0785078
706 -0.15421 -0.0423373 0.522713 0.161479 -0.463932 0.24545 0.0775068
707 -0.152823 -0.0415421 0.518105 0.159916 -0.460758 0.243314 0.076519
708 -0.151445 -0.040761 0.513529 0.158368 -0.45759 0.241192 0.0755445
709 -0.150077 -0.0399936 0.508985 0.156835 -0.454428 0.239086 0.0745831
710 -0.148719 -0.0392399 0.504472 0.155315 -0.451272 0.236995 0.0736345
711 -0.147371 -0.0384995 0.499991 0.153809 -0.448124 0.234919 0.0726986
712 -0.146033 -0.0377722 0.495541 0.152317 -0.444982 0.232859 0.0717752
713 -0.144704 -0.0370579 0.491123 0.150839 -0.441848 0.230813 0.0708643
714 -0.143386 -0.0363563 0.486735 0.149374 -0.438721 0.228783 0.0699655
715 -0.142077 -0.0356672 0.482379 0.147923 -0.435603 0.226767 0.0690788
716 -0.140777 -0.0349905 0.478055 0.146485 -0.432493 0.224766 0.068204
717 -0.139488 -0.0343259 0.473761 0.145061 -0.429391 0.22278 0.067341
718 -0.138208 -0.0336733 0.469498 0.14365 -0.426298 0.220809 0.0664896
719 -0.136938 -0.0330324 0.465265 0.142251 -0.423214 0.218853 0.0656497
720 -0.135678 -0.032403 0.461064 0.140866 -0.420139 0.216911 0.064821
721 -0.134428 -0.031785 0.456893 0.139494 -0.417073 0.214984 0.0640035
722 -0.133187 -0.0311782 0.452753 0.138134 -0.414018 0.213071 0.0631971
723 -0.131955 -0.0305823 0.448643 0.136787 -0.410972 0.211173 0.0624014
724 -0.130734 -0.0299973 0.444564 0.135453 -0.407936 0.209289 0.0616166
725 -0.129522 -0.0294229 0.440515 0.134131 -0.40491 0.20742 0.0608423
726 -0.128319 -0.028859 0.436496 0.132822 -0.401895 0.205565 0.0600784
727 -0.127126 -0.0283053 0.432507 0.131524 -0.398891 0.203724 0.0593249
728 -0.125942 -0.0277618 0.428548 0.130239 -0.395898 0.201897 0.0585816
729 -0.124768 -0.0272281 0.424619 0.128966 -0.392916 0.200084 0.0578483
730 -0.123604 -0.0267043 0.42072 0.127705 -0.389945 0.198285 0.0571249
731 -0.122448 -0.0261901 0.41685 0.126456 -0.386985 0.1965 0.0564112
732 -0.121303 -0.0256853 0.413009 0.125218 -0.384037 0.194729 0.0557072
733 -0.120166 -0.0251898 0.409198 0.123992 -0.381101 0.192971 0.0550128
734 -0.119039 -0.0247034 0.405417 0.122778 -0.378177 0.191228 0.0543277
735 -0.117921 -0.024226 0.401664 0.121575 -0.375265 0.189498 0.0536519
736 -0.116812 -0.0237574 0.39794 0.120383 -0.372365 0.187781 0.0529853
737 -0.115712 -0.0232975 0.394245 0.119203 -0.369477 0.186078 0.0523276
738 -0.114621 -0.0228461 0.390579 0.118034 -0.366602 0.184389 0.0516789
739 -0.11354 -0.0224031 0.386942 0.116876 -0.36374 0.182713 0.051039
740 -0.112467 -0.0219684 0.383333 0.115729 -0.36089 0.18105 0.0504077
741 -0.111404 -0.0215417 0.379753 0.114593 -0.358054 0.1794 0.0497849
742 -0.110349 -0.0211229 0.3762 0.113467 -0.35523 0.177764 0.0491706
743 -0.109303 -0.020712 0.372676 0.112353 -0.35242 0.176141 0.0485646
744 -0.108267 -0.0203088 0.36918 0.111248 -0.349622 0.17453 0.0479668
745 -0.107239 -0.019913 0.365712 0.110155 -0.346838 0.172933 0.0473771
746 -0.106219 -0.0195247 0.362271 0.109072 -0.344068 0.171348 0.0467954
747 -0.105209 -0.0191437 0.358858 0.107999 -0.341311 0.169776 0.0462216
748 -0.104207 -0.0187698 0.355472 0.106936 -0.338568 0.168217 0.0456555
749 -0.103214 -0.018403 0.352114 0.105884 -0.335838 0.166671 0.0450971
750 -0.102229 -0.0180431 0.348782 0.104841 -0.333123 0.165137 0.0445462
751 -0.101253 -0.0176899 0.345478 0.103809 -0.330421 0.163615 0.0440028
752 -0.100285 -0.0173434 0.342201 0.102786 -0.327733 0.162106 0.0434668
753 -0.0993258 -0.0170034 0.33895 0.101774 -0.325059 0.160609 0.0429379
754 -0.0983749 -0.0166699 0.335726 0.100771 -0.3224 0.159125 0.0424163
755 -0.0974323 -0.0163427 0.332529 0.0997773 -0.319755 0.157653 0.0419017
756 -0.096498 -0.0160217 0.329358 0.0987934 -0.317124 0.156193 0.041394
757 -0.0955718 -0.0157068 0.326212 0.097819 -0.314507 0.154745 0.0408932
758 -0.0946539 -0.0153978 0.323093 0.0968539 -0.311905 0.153309 0.0403992
759 -0.0937441 -0.0150948 0.32 0.0958981 -0.309317 0.151884 0.0399118
760 -0.0928423 -0.0147974 0.316933 0.0949516 -0.306743 0.150472 0.039431
761 -0.0919485 -0.0145058 0.313891 0.0940141 -0.304185 0.149072 0.0389567
762 -0.0910627 -0.0142197 0.310875 0.0930857 -0.30164 0.147683 0.0384888
763 -0.0901848 -0.0139391 0.307883 0.0921663 -0.299111 0.146305 0.0380272
764 -0.0893148 -0.0136639 0.304918 0.0912557 -0.296596 0.14494 0.0375718
765 -0.0884525 -0.0133939 0.301977 0.0903539 -0.294096 0.143585 0.0371226
766 -0.087598 -0.0131291 0.29906 0.0894608 -0.29161 0.142242 0.0366794
767 -0.0867512 -0.0128693 0.296169 0.0885764 -0.28914 0.140911 0.0362421
768 -0.085912 -0.0126146 0.293302 0.0877005 -0.286684 0.13959 0.0358107
769 -0.0850804 -0.0123647 0.29046 0.0868331 -0.284243 0.138281 0.0353852
770 -0.0842563 -0.0121196 0.287642 0.0859742 -0.281817 0.136983 0.0349653
771 -0.0834397 -0.0118793 0.284848 0.0851235 -0.279406 0.135696 0.0345511
772 -0.0826305 -0.0116436 0.282077 0.0842811 -0.277009 0.13442 0.0341424
773 -0.0818287 -0.0114124 0.279331 0.0834468 -0.274628 0.133154 0.0337392
774 -0.0810342 -0.0111857 0.276609 0.0826207 -0.272261 0.1319 0.0333414
775 -0.080247 -0.0109633 0.273909 0.0818026 -0.26991 0.130656 0.0329489
776 -0.079467 -0.0107453 0.271234 0.0809924 -0.267573 0.129423 0.0325617
777 -0.0786941 -0.0105315 0.268581 0.0801902 -0.265251 0.128201 0.0321797
778 -0.0779283 -0.0103218 0.265952 0.0793957 -0.262945 0.126989 0.0318027
779 -0.0771696 -0.0101162 0.263345 0.0786089 -0.260653 0.125787 0.0314308
780 -0.0764179 -0.00991455 0.260761 0.0778299 -0.258376 0.124596 0.0310638
781 -0.0756731 -0.00971683 0.2582 0.0770584 -0.256114 0.123415 0.0307017
782 -0.0749352 -0.00952296 0.255662 0.0762944 -0.253867 0.122244 0.0303445
783 -0.0742041 -0.00933285 0.253145 0.0755379 -0.251635 0.121084 0.029992
784 -0.0734798 -0.00914645 0.250651 0.0747887 -0.249418 0.119933 0.0296441
785 -0.0727623 -0.00896367 0.248179 0.0740469 -0.247215 0.118793 0.0293009
786 -0.0720514 -0.00878446 0.245729 0.0733123 -0.245028 0.117662 0.0289623
787 -0.0713471 -0.00860874 0.2433 0.0725849 -0.242855 0.116542 0.0286281
788 -0.0706495 -0.00843645 0.240893 0.0718646 -0.240698 0.115431 0.0282984
789 -0.0699583 -0.00826753 0.238508 0.0711514 -0.238555 0.11433 0.027973
790 -0.0692736 -0.00810191 0.236143 0.0704451 -0.236427 0.113238 0.0276519
791 -0.0685953 -0.00793953 0.2338 0.0697458 -0.234314 0.112157 0.027335
792 -0.0679234 -0.00778033 0.231478 0.0690532 -0.232215 0.111084 0.0270223
793 -0.0672577 -0.00762425 0.229177 0.0683675 -0.230131 0.110021 0.0267137
794 -0.0665984 -0.00747123 0.226896 0.0676885 -0.228062 0.108968 0.0264092
795 -0.0659452 -0.00732122 0.224636 0.0670161 -0.226008 0.107924 0.0261087
796 -0.0652982 -0.00717414 0.222396 0.0663504 -0.223968 0.106889 0.0258121
797 -0.0646573 -0.00702996 0.220177 0.0656911 -0.221943 0.105863 0.0255195
798 -0.0640225 -0.00688861 0.217978 0.0650384 -0.219932 0.104846 0.0252306
799 -0.0633937 -0.00675005 0.215798 0.064392 -0.217936 0.103839 0.0249455
800 -0.0627708 -0.00661421 0.213639 0.063752 -0.215955 0.10284 0.0246642
801 -0.0621538 -0.00648105 0.211499 0.0631183 -0.213988 0.10185 0.0243865
802 -0.0615427 -0.00635051 0.209378 0.0624908 -0.212035 0.100869 0.0241124
803 -0.0609374 -0.00622255 0.207278 0.0618695 -0.210097 0.099897 0.0238419
804 -0.0603378 -0.00609712 0.205196 0.0612542 -0.208173 0.0989336 0.0235749
805 -0.0597439 -0.00597416 0.203133 0.0606451 -0.206264 0.0979788 0.0233114
806 -0.0591557 -0.00585363 0.201089 0.0600419 -0.204368 0.0970326 0.0230512
807 -0.0585732 -0.00573549 0.199065 0.0594447 -0.202487 0.0960948 0.0227945
808 -0.0579961 -0.00561968 0.197058 0.0588533 -0.20062 0.0951656 0.0225411
809 -0.0574246 -0.00550617 0.195071 0.0582678 -0.198767 0.0942446 0.0222909
810 -0.0568586 -0.00539491 0.193101 0.057688 -0.196929 0.0933321 0.0220439
811 -0.0562979 -0.00528585 0.19115 0.0571139 -0.195104 0.0924277 0.0218002
812 -0.0557427 -0.00517896 0.189217 0.0565455 -0.193293 0.0915316 0.0215595
813 -0.0551927 -0.00507419 0.187303 0.0559827 -0.191496 0.0906435 0.021322
814 -0.0546481 -0.0049715 0.185405 0.0554255 -0.189713 0.0897636 0.0210875
815 -0.0541087 -0.00487085 0.183526 0.0548738 -0.187944 0.0888916 0.0208559
816 -0.0535744 -0.0047722 0.181664 0.0543275 -0.186188 0.0880275 0.0206274
817 -0.0530453 -0.00467551 0.17982 0.0537865 -0.184446 0.0871713 0.0204017
818 -0.0525213 -0.00458075 0.177992 0.053251 -0.182718 0.086323 0.020179
819 -0.0520023 -0.00448787 0.176182 0.0527207 -0.181004 0.0854823 0.019959
820 -0.0514884 -0.00439685 0.174389 0.0521956 -0.179303 0.0846494 0.0197419
821 -0.0509794 -0.00430764 0.172613 0.0516758 -0.177615 0.0838241 0.0195275
822 -0.0504753 -0.00422021 0.170854 0.0511611 -0.175941 0.0830063 0.0193158
823 -0.0499761 -0.00413453 0.169111 0.0506514 -0.17428 0.0821961 0.0191068
824 -0.0494817 -0.00405055 0.167385 0.0501468 -0.172632 0.0813932 0.0189004
825 -0.0489921 -0.00396826 0.165675 0.0496472 -0.170998 0.0805978 0.0186966
826 -0.0485072 -0.00388761 0.163981 0.0491525 -0.169377 0.0798097 0.0184954
827 -0.0480271 -0.00380857 0.162303 0.0486628 -0.167768 0.0790289 0.0182967
828 -0.0475516 -0.00373111 0.160642 0.0481778 -0.166173 0.0782552 0.0181005
829 -0.0470807 -0.00365521 0.158996 0.0476977 -0.164591 0.0774887 0.0179067
830 -0.0466143 -0.00358082 0.157365 0.0472223 -0.163022 0.0767293 0.0177154
831 -0.0461525 -0.00350793 0.155751 0.0467517 -0.161466 0.0759769 0.0175264
832 -0.0456952 -0.00343649 0.154152 0.0462856 -0.159922 0.0752315 0.0173398
833 -0.0452424 -0.00336649 0.152568 0.0458243 -0.158391 0.074493 0.0171555
834 -0.0447939 -0.0032979 0.150999 0.0453674 -0.156873 0.0737614 0.0169735
835 -0.0443498 -0.00323068 0.149445 0.0449151 -0.155367 0.0730365 0.0167937
836 -0.04391 -0.00316481 0.147906 0.0444673 -0.153874 0.0723184 0.0166162
837 -0.0434745 -0.00310026 0.146383 0.0440239 -0.152393 0.071607 0.0164408
838 -0.0430433 -0.00303702 0.144873 0.043585 -0.150924 0.0709023 0.0162676
839 -0.0426163 -0.00297504 0.143379 0.0431503 -0.149468 0.0702041 0.0160966
840 -0.0421934 -0.00291431 0.141898 0.04272 -0.148024 0.0695124 0.0159276
841 -0.0417747 -0.00285481 0.140432 0.0422939 -0.146593 0.0688272 0.0157607
842 -0.04136 -0.0027965 0.138981 0.0418721 -0.145173 0.0681484 0.0155958
843 -0.0409495 -0.00273936 0.137543 0.0414545 -0.143765 0.067476 0.0154329
844 -0.0405429 -0.00268338 0.136119 0.041041 -0.14237 0.0668099 0.0152721
845 -0.0401403 -0.00262853 0.13471 0.0406316 -0.140986 0.06615 0.0151131
846 -0.0397416 -0.00257478 0.133313 0.0402263 -0.139614 0.0654964 0.0149561
847 -0.0393469 -0.00252212 0.131931 0.039825 -0.138254 0.0648489 0.014801
848 -0.038956 -0.00247052 0.130562 0.0394276 -0.136905 0.0642075 0.0146478
849 -0.0385689 -0.00241997 0.129206 0.0390343 -0.135568 0.0635721 0.0144964
850 -0.0381857 -0.00237043 0.127864 0.0386448 -0.134243 0.0629427 0.0143468
851 -0.0378062 -0.0023219 0.126534 0.0382592 -0.132929 0.0623193 0.0141991
852 -0.0374304 -0.00227434 0.125218 0.0378774 -0.131626 0.0617018 0.0140531
853 -0.0370583 -0.00222775 0.123915 0.0374994 -0.130335 0.0610901 0.0139088
854 -0.0366899 -0.0021821 0.122624 0.0371252 -0.129055 0.0604842 0.0137663
855 -0.0363251 -0.00213738 0.121346 0.0367547 -0.127786 0.059884 0.0136254
856 -0.0359638 -0.00209356 0.120081 0.0363879 -0.126528 0.0592895 0.0134863
857 -0.0356062 -0.00205063 0.118828 0.0360247 -0.125282 0.0587007 0.0133487
858 -0.035252 -0.00200857 0.117588 0.0356652 -0.124046 0.0581175 0.0132129
859 -0.0349013 -0.00196736 0.11636 0.0353092 -0.122821 0.0575398 0.0130786
860 -0.0345541 -0.00192699 0.115144 0.0349567 -0.121607 0.0569676 0.0129459
861 -0.0342103 -0.00188743 0.113939 0.0346078 -0.120404 0.0564008 0.0128147
862 -0.0338698 -0.00184868 0.112747 0.0342623 -0.119211 0.0558395 0.0126851
863 -0.0335328 -0.00181072 0.111567 0.0339203 -0.118029 0.0552835 0.012557
864 -0.033199 -0.00177353 0.110399 0.0335816 -0.116857 0.0547328 0.0124304
865 -0.0328686 -0.00173709 0.109242 0.0332464 -0.115696 0.0541874 0.0123053
866 -0.0325414 -0.00170139 0.108096 0.0329144 -0.114546 0.0536472 0.0121817
867 -0.0322174 -0.00166642 0.106962 0.0325858 -0.113405 0.0531122 0.0120594
868 -0.0318966 -0.00163216 0.105839 0.0322605 -0.112275 0.0525823 0.0119386
869 -0.031579 -0.00159859 0.104728 0.0319383 -0.111155 0.0520574 0.0118192
870 -0.0312645 -0.00156571 0.103627 0.0316194 -0.110045 0.0515377 0.0117012
871 -0.0309531 -0.0015335 0.102538 0.0313037 -0.108946 0.0510229 0.0115845
872 -0.0306448 -0.00150195 0.101459 0.0309911 -0.107856 0.050513 0.0114692
873 -0.0303396 -0.00147103 0.100391 0.0306816 -0.106776 0.050008 0.0113552
874 -0.0300373 -0.00144075 0.0993344 0.0303752 -0.105706 0.0495079 0.0112425
875 -0.0297381 -0.00141108 0.098288 0.0300719 -0.104645 0.0490127 0.0111311
876 -0.0294418 -0.00138202 0.097252 0.0297716 -0.103595 0.0485222 0.0110209
877 -0.0291484 -0.00135355 0.0962265 0.0294742 -0.102553 0.0480364 0.010912
878 -0.028858 -0.00132567 0.0952113 0.0291798 -0.101522 0.0475553 0.0108044
879 -0.0285704 -0.00129835 0.0942063 0.0288884 -0.1005 0.0470788 0.010698
880 -0.0282856 -0.00127159 0.0932114 0.0285999 -0.099487 0.046607 0.0105927
881 -0.0280037 -0.00124537 0.0922266 0.0283142 -0.0984835 0.0461397 0.0104887
882 -0.0277246 -0.00121969 0.0912517 0.0280314 -0.0974894 0.045677 0.0103858
883 -0.0274482 -0.00119454 0.0902866 0.0277514 -0.0965044 0.0452187 0.0102841
884 -0.0271746 -0.0011699 0.0893314 0.0274742 -0.0955286 0.0447649 0.0101835
885 -0.0269036 -0.00114576 0.0883857 0.0271997 -0.0945618 0.0443154 0.0100841
886 -0.0266354 -0.00112211 0.0874497 0.026928 -0.093604 0.0438703 0.00998572
887 -0.0263698 -0.00109895 0.0865232 0.026659 -0.092655 0.0434296 0.00988847
888 -0.0261069 -0.00107627 0.085606 0.0263927 -0.091715 0.0429931 0.0097923
889 -0.0258465 -0.00105404 0.0846982 0.026129 -0.0907837 0.0425609 0.0096972
890 -0.0255888 -0.00103228 0.0837996 0.025868 -0.0898611 0.0421329 0.00960315
891 -0.0253336 -0.00101095 0.0829101 0.0256096 -0.0889472 0.041709 0.00951014
892 -0.0250809 -0.000990068 0.0820297 0.0253537 -0.0880418 0.0412893 0.00941816
893 -0.0248307 -0.000969611 0.0811582 0.0251004 -0.0871449 0.0408736 0.00932719
894 -0.024583 -0.000949572 0.0802957 0.0248496 -0.0862565 0.0404621 0.00923721
895 -0.0243378 -0.000929944 0.0794419 0.0246014 -0.0853764 0.0400545 0.00914823
896 -0.024095 -0.000910719 0.0785968 0.0243556 -0.0845047 0.0396509 0.00906021
897 -0.0238546 -0.000891887 0.0777604 0.0241122 -0.0836412 0.0392513 0.00897316
898 -0.0236166 -0.000873442 0.0769326 0.0238713 -0.0827858 0.0388555 0.00888705
899 -0.023381 -0.000855375 0.0761132 0.0236328 -0.0819386 0.0384637 0.00880187
900 -0.0231477 -0.000837679 0.0753022 0.0233966 -0.0810994 0.0380756 0.00871762
901 -0.0229167 -0.000820346 0.0744995 0.0231628 -0.0802682 0.0376914 0.00863429
902 -0.022688 -0.000803369 0.0737051 0.0229314 -0.079445 0.0373109 0.00855185
903 -0.0224616 -0.00078674 0.0729188 0.0227022 -0.0786295 0.0369342 0.0084703
904 -0.0222374 -0.000770453 0.0721405 0.0224754 -0.0778219 0.0365611 0.00838962
905 -0.0220155 -0.000754501 0.0713703 0.0222508 -0.077022 0.0361918 0.00830981
906 -0.0217958 -0.000738876 0.070608 0.0220284 -0.0762297 0.035826 0.00823086
907 -0.0215782 -0.000723573 0.0698536 0.0218083 -0.075445 0.0354639 0.00815275
908 -0.0213629 -0.000708584 0.0691069 0.0215904 -0.0746679 0.0351053 0.00807547
909 -0.0211496 -0.000693903 0.0683679 0.0213746 -0.0738983 0.0347502 0.00799902
910 -0.0209385 -0.000679524 0.0676366 0.021161 -0.073136 0.0343986 0.00792337
911 -0.0207295 -0.000665441 0.0669127 0.0209495 -0.0723811 0.0340505 0.00784853
912 -0.0205225 -0.000651648 0.0661964 0.0207401 -0.0716335 0.0337058 0.00777448
913 -0.0203176 -0.000638138 0.0654875 0.0205329 -0.0708931 0.0333645 0.00770121
914 -0.0201148 -0.000624907 0.0647859 0.0203277 -0.0701599 0.0330266 0.00762872
915 -0.019914 -0.000611948 0.0640915 0.0201245 -0.0694338 0.032692 0.00755698
916 -0.0197151 -0.000599256 0.0634044 0.0199234 -0.0687148 0.0323607 0.007486
917 -0.0195183 -0.000586825 0.0627244 0.0197242 -0.0680027 0.0320327 0.00741576
918 -0.0193234 -0.00057465 0.0620514 0.0195271 -0.0672976 0.031708 0.00734625
919 -0.0191304 -0.000562727 0.0613854 0.0193319 -0.0665993 0.0313864 0.00727748
920 -0.0189394 -0.000551048 0.0607263 0.0191387 -0.0659078 0.031068 0.00720941
921 -0.0187503 -0.000539611 0.0600741 0.0189474 -0.0652231 0.0307528 0.00714205
922 -0.018563 -0.00052841 0.0594286 0.0187581 -0.0645451 0.0304407 0.0070754
923 -0.0183777 -0.000517439 0.0587899 0.0185706 -0.0638737 0.0301317 0.00700943
924 -0.0181941 -0.000506695 0.0581578 0.0183849 -0.0632089 0.0298258 0.00694414
925 -0.0180124 -0.000496172 0.0575323 0.0182012 -0.0625506 0.0295228 0.00687953
926 -0.0178325 -0.000485867 0.0569133 0.0180193 -0.0618988 0.0292229 0.00681558
927 -0.0176544 -0.000475774 0.0563008 0.0178391 -0.0612533 0.028926 0.00675228
928 -0.0174781 -0.000465889 0.0556946 0.0176608 -0.0606143 0.028632 0.00668964
929 -0.0173035 -0.000456209 0.0550948 0.0174843 -0.0599815 0.0283409 0.00662764
930 -0.0171307 -0.000446728 0.0545013 0.0173095 -0.059355 0.0280528 0.00656627
931 -0.0169596 -0.000437444 0.0539139 0.0171365 -0.0587347 0.0277675 0.00650552
932 -0.0167902 -0.000428351 0.0533327 0.0169652 -0.0581205 0.027485 0.0064454
933 -0.0166224 -0.000419446 0.0527576 0.0167956 -0.0575123 0.0272054 0.00638588
934 -0.0164564 -0.000410725 0.0521885 0.0166277 -0.0569102 0.0269285 0.00632697
935 -0.016292 -0.000402184 0.0516254 0.0164615 -0.0563141 0.0266544 0.00626866
936 -0.0161292 -0.00039382 0.0510681 0.016297 -0.0557239 0.026383 0.00621093
937 -0.0159681 -0.000385628 0.0505167 0.016134 -0.0551396 0.0261143 0.00615378
938 -0.0158086 -0.000377606 0.0499711 0.0159728 -0.054561 0.0258483 0.00609721
939 -0.0156506 -0.00036975 0.0494312 0.0158131 -0.0539883 0.025585 0.00604121
940 -0.0154943 -0.000362057 0.048897 0.015655 -0.0534212 0.0253243 0.00598577
941 -0.0153395 -0.000354522 0.0483684 0.0154985 -0.0528598 0.0250661 0.00593088
942 -0.0151862 -0.000347144 0.0478454 0.0153436 -0.052304 0.0248106 0.00587655
943 -0.0150345 -0.000339918 0.0473278 0.0151902 -0.0517538 0.0245576 0.00582275
944 -0.0148843 -0.000332842 0.0468158 0.0150383 -0.0512091 0.0243072 0.00576949
945 -0.0147356 -0.000325912 0.0463091 0.014888 -0.0506698 0.0240592 0.00571676
946 -0.0145883 -0.000319126 0.0458077 0.0147392 -0.0501359 0.0238138 0.00566456
947 -0.0144426 -0.00031248 0.0453116 0.0145918 -0.0496074 0.0235708 0.00561287
948 -0.0142982 -0.000305972 0.0448208 0.0144459 -0.0490842 0.0233302 0.00556169
949 -0.0141554 -0.000299599 0.0443351 0.0143015 -0.0485663 0.023092 0.00551102
950 -0.0140139 -0.000293358 0.0438546 0.0141585 -0.0480536 0.0228562 0.00546084
951 -0.0138739 -0.000287246 0.0433791 0.014017 -0.047546 0.0226228 0.00541116
952 -0.0137352 -0.000281261 0.0429087 0.0138769 -0.0470436 0.0223917 0.00536197
953 -0.013598 -0.0002754 0.0424432 0.0137381 -0.0465462 0.022163 0.00531326
954 -0.0134621 -0.00026966 0.0419827 0.0136008 -0.0460539 0.0219365 0.00526503
955 -0.0133276 -0.00026404 0.041527 0.0134648 -0.0455665 0.0217123 0.00521727
956 -0.0131944 -0.000258536 0.0410762 0.0133302 -0.0450841 0.0214904 0.00516997
957 -0.0130625 -0.000253146 0.0406301 0.0131969 -0.0446065 0.0212707 0.00512314
958 -0.012932 -0.000247868 0.0401888 0.013065 -0.0441338 0.0210532 0.00507676
959 -0.0128027 -0.000242699 0.0397521 0.0129344 -0.0436659 0.0208379 0.00503083
960 -0.0126748 -0.000237638 0.0393201 0.012805 -0.0432027 0.0206247 0.00498535
961 -0.0125481 -0.000232682 0.0388926 0.012677 -0.0427443 0.0204137 0.0049403
962 -0.0124227 -0.000227828 0.0384697 0.0125503 -0.0422905 0.0202049 0.0048957
963 -0.0122986 -0.000223075 0.0380513 0.0124248 -0.0418413 0.0199981 0.00485152
964 -0.0121756 -0.000218422 0.0376374 0.0123006 -0.0413967 0.0197934 0.00480777
965 -0.0120539 -0.000213864 0.0372278 0.0121776 -0.0409566 0.0195907 0.00476444
966 -0.0119335 -0.000209402 0.0368226 0.0120558 -0.0405211 0.0193902 0.00472153
967 -0.0118142 -0.000205032 0.0364217 0.0119353 -0.0400899 0.0191916 0.00467903
968 -0.0116961 -0.000200752 0.0360251 0.011816 -0.0396632 0.018995 0.00463694
969 -0.0115792 -0.000196562 0.0356326 0.0116978 -0.0392408 0.0188004 0.00459524
970 -0.0114635 -0.000192459 0.0352444 0.0115809 -0.0388228 0.0186078 0.00455395
971 -0.0113489 -0.000188441 0.0348603 0.0114651 -0.038409 0.0184171 0.00451305
972 -0.0112355 -0.000184506 0.0344803 0.0113505 -0.0379995 0.0182284 0.00447254
973 -0.0111232 -0.000180654 0.0341044 0.011237 -0.0375942 0.0180415 0.00443242
974 -0.011012 -0.000176881 0.0337325 0.0111246 -0.037193 0.0178566 0.00439268
975 -0.0109019 -0.000173187 0.0333645 0.0110134 -0.036796 0.0176735 0.00435331
976 -0.0107929 -0.00016957 0.0330005 0.0109033 -0.0364031 0.0174922 0.00431432
977 -0.010685 -0.000166028 0.0326403 0.0107943 -0.0360141 0.0173128 0.0042757
978 -0.0105782 -0.000162559 0.032284 0.0106863 -0.0356292 0.0171352 0.00423744
979 -0.0104725 -0.000159163 0.0319315 0.0105795 -0.0352483 0.0169594 0.00419954
980 -0.0103678 -0.000155837 0.0315828 0.0104737 -0.0348713 0.0167854 0.004162
981 -0.0102642 -0.000152581 0.0312379 0.010369 -0.0344981 0.0166131 0.00412482
982 -0.0101616 -0.000149392 0.0308966 0.0102653 -0.0341289 0.0164426 0.00408798
983 -0.01006 -0.00014627 0.0305589 0.0101627 -0.0337634 0.0162738 0.00405149
984 -0.00995943 -0.000143213 0.0302249 0.0100611 -0.0334017 0.0161068 0.00401534
